an0_p,-3.0101983925222484,-4.058910586060332,0.19628971181502824
an1_p,-3.2586741011048006,3.6966310342207858,2.9101573298708
an2_p,3.650786659616108,3.732984329061774,0.18955347520686663
an3_p,3.5038524799758757,-3.955396056926031,3.0376408838394457
an4_p,-2.7909463463466433,-4.13542201753855,2.847636358540227
an5_p,3.953882519480277,-3.7624630950139464,0.20347693202729109
an6_p,3.4654089074024688,3.55896956542648,2.9710608167433157
an7_p,-3.2112336178645373,3.304121110232922,0.17617659290117677
an0_quat,0.6545156981285286,0.27360421776800936,0.6544799301571901,-0.26154531910229367
an1_quat,0.4302121669898791,0.649897529039804,-0.3196226321714756,0.5388803820196156
an2_quat,0.328071320565317,-0.6177577161761749,0.33955565966834694,0.6288454235458182
an3_quat,0.6917790970424834,-0.32665321207578946,-0.5944376979482422,-0.24775629798988102
an4_quat,-0.37139024703570894,0.6690553774250759,0.2652511114306211,0.5865799470065141
an5_quat,0.3157989166314145,0.6438136279180512,0.29960398349592643,-0.629295248539821
an6_quat,0.6727647803662171,0.4344822356376622,-0.4923749329156707,0.3408513791234879
an7_quat,0.6683257603950945,-0.2187579636854557,0.677118201736354,0.21678692809723993
